어떠한 값 val 이 주어져있을때
이것을 17진수로 변화 시킨후
해쉬 테이블 사이즈(소수) 로 모듈로 연산해서 맵핑 시킨다.

충돌 일어나는 경우는 체이닝 기법을 이용한다.


10 100 1000
100 100 100 100 100 100 100 100 100 100
100 100 100 100 100 100 100 100 100 100
100 100 100 100 100 100 100 100 100 100
100 100 100 100 100 100 100 100 100 100
100 100 100 100 100 100 100 100 100 100
100 100 100 100 100 100 100 100 100 100
100 100 100 100 100 100 100 100 100 100
100 100 100 100 100 100 100 100 100 100
100 100 100 100 100 100 100 100 100 100
100 100 100 100 100 100 100 100 100 100